228268
228414
228466
228472
228476
228478
228479
228481
228482
228485
228486
228487
228488
228512
228521
228523
228524
228525
228628
228629
228632
228634
228637
228690
229052
229056
229063
229065
229066
229067
229068
229069
229080
229085
229091
229092
229097
229098
229099
229101
229106
229107
229110
229111
229112
229113
237591
243850
243969
243971
243972
243973
243974
243976
243978
243979
243980
243982
243983
243985
243986
243987
243990
243991
243992
244000
244002
244003
244078
244079
244080
244092
244093
244094
244095
244099
244125
244127
244128
246687
246689
246707
249682
250987
250988
250990
251181
251380
251381
251382
251383
251392
251393
251394
251404
251405
251464
251565
251567
251603
251706
251707
251712
251714
251715
251716
251717
251723
251724
251725
251726
251728
251729
251730
251732
251733
251734
251735
251736
251737
251738
251739
251740
251741
251743
251744
251746
251747
251749
251750
251753
251766
251767
251768
251771
251772
251773
251774
251775
251776
251777
251778
251779
251780
251781
251783
251786
251787
251789
251792
251793
251795
251796
251798
251800
251801
251802
251803
251805
251806
251807
251808
251809
251813
251814
251824
251832
251833
251839
251842
251843
251847
251848
251849
251850
251851
251853
251855
251856
251857
251858
251859
251860
251861
251863
251866
251867
251868
251870
251871
251873
251874
251875
251877
251878
251879
251881
251882
251891
251896
251900
251903
251908
251909
251910
251911
251912
251913
251918
251920
251929
251930
251931
251932
251934
251936
251938
251940
251942
251944
251946
251948
251950
251952
251954
251956
251958
251959
251961
251963
251965
251967
251969
251970
251971
251972
251973
253273
253455
253458
253461
253474
253480
253496
253499
253712
253713
253716
253717
253721
253723
253729
253732
253733
253734
253735
253736
253739
253740
253741
253742
253743
253744
253745
254304
254305
254306
254319
254531
254572
255013
256574
256721
256722
256723
256724
257227
257265
257270
257320
257514
258114
258117
258126
258128
258441
258442
258443
258701
259533
262693
262695
264332
264658
264659
264660
268453
268454
269829
270048
270051
270054
270057
270890
272016
272019
272024
272058
272122
272124
272137
272249
272400
273192
273328
275376
275765
277246
277248
277532
279996
280503
280507
280510
280523
280526
280851
281027
283358
283361
283474
283537
283565
283568
283722
283734
283872
283948
284072
284216
284217
284218
284219
285206
285207
285208
285209
285723
285789
285970
285973
285979
286083
287056
287102
287104
287115
287202
287204
287254
287333
287334
287335
287338
287339
287340
287341
287342
287343
287352
287516
287517
287518
287519
287634
287635
287637
287638
287639
287640
287641
287642
287643
287644
287645
287646
287647
287648
287649
287745
287746
287902
287903
287904
287905
287906
287924
287925
288021
288141
288142
288147
288299
288361
288500
290223
290230
290398
290399
290400
290401
290406
290618
290619
290630
290710
290713
290754
290755
290846
291392
291401
291402
291403
291404
291450
291728
291742
291744
291745
291770
291771
291772
291773
291798
291799
292111
292112
292113
294600
294602
294604
294607
294608
294631
294632
294634
294640
294642
294643
295351
295689
295692
295693
295696
295697
295700
295702
295859
295861
295863
295886
295888
296433
296441
296576
296766
296767
296771
296772
296775
296776
296910
296964
296967
296974
297048
297052
297053
297054
297055
297056
297140
297143
297144
297145
297146
297147
297148
297186
297188
297191
297452
297587
297617
297673
297675
297676
297748
297749
297771
297843
297889
297891
297892
297894
297899
297900
297933
297953
298008
298068
298449
304304
304353
304659
305217
305218
305339
305356
305357
305363
305364
305391
305392
305396
305397
305411
305412
305418
305419
305642
306040
306095
306098
306174
306537
306538
306544
306547
306549
306806
306873
307130
307241
307243
307493
307494
307495
307496
307500
307527
307528
307557
307558
307564
307565
307576
307577
307585
307653
307659
307660
307661
307860
308457
308477
308552
308628
308631
308633
308751
308797
308851
308858
308873
308902
308904
308909
309033
309035
309054
309085
309200
309752
309947
309951
309952
309958
309959
310288
310289
310297
310298
310473
310486
310713
310714
311441
311466
311470
311505
311506
311791
311792
312201
312202
312329
312348
312351
312355
312591
312785
312787
312789
312790
312791
313091
313316